--- Available filters and text transformations: colorize, debug, default, direct, hexlify, log2file, nocontrol, printable, send_on_enter, time
--- More details at http://bit.ly/pio-monitor-filters
46
44
42
40
39
37
35
33
32
31
29
28
27

105
101
97
92
88
84
80
77
74
70
67
64
61
58
56
53
51
48
46
44
42
40
39
37
35
33
32
31
29
28
27
82
78
74
71
68
65
62
59
56
54
51
48
45
44
42
40
38
37
34
33
32
30
30
27
27
25
23
23
22
21
19
18
18
16
17
15
14
14
13
12
12
11
11
11
10
8
9
8
8
8
54
99
142
181
221
258
292
326
358
388
417
445
471
496
520
542
563
585
605
623
640
659
676
690
705
720
733
746
758
770
781
791
802
812
821
830
838
848
855
862
869
875
882
888
893
900
904
910
914
919
877
835
797
760
725
691
659
628
600
571
545
520
496
474
452
431
412
393
374
358
341
326
311
296
283
271
257
246
235
224
214
205
195
186
178
170
163
154
147
141
134
129
122
117
111
107
101
97
93
89
130
171
210
247
284
318
351
382
410
439
465
491
515
538
560
581
602
621
639
656
673
689
703
718
732
745
757
769
781
791
801
812
820
830
838
847
855
863
870
876
883
889
894
901
906
911
915
920
925
929
889
847
807
769
734
700
668
636
607
579
553
527
503
480
458
437
417
398
380
363
345
330
315
300
287
274
262
250
238
227
217
207
198
189
180
172
163
156
150
143
137
129
124
118
113
107
103
99
93
90
128
171
211
249
284
319
351
381
411
438
466
491
516
539
561
581
601
621
639
656
673
689
704
718
732
745
758
770
781
792
802
811
822
830
839
847
855
862
868
876
883
890
895
901
906
911
916
921
925
929
890
849
809
771
735
702
670
638
608
580
554
529
504
481
459
438
417
399
380
363
346
331
316
301
287
274
262
250
238
228
217
208
198
190
181
173
165
158
150
143
137
131
124
119
114
109
103
99
95
91
128
171
209
247
282
317
349
380
410
438
463
490
514
537
559
581
600
619
637
655
672
688
703
716
730
744
756
768
779
790
801
811
820
829
837
846
853
861
868
875
881
887
893
898
904
910
914
919
924
928
892
850
810
773
736
702
670
639
610
581
555
530
504
481
459
439
418
399
380
363
347
331
316
301
288
276
262
250
239
228
217
207
199
190
181
172
165
157
150
144
138
131
125
119
114
108
104
99
95
91
126
168
207
245
281
315
348
378
408
436
463
489
512
536
558
578
599
618
637
654
671
687
701
716
731
743
755
768
778
790
800
810
821
830
838
845
854
861
868
875
881
887
893
899
905
910
914
920
923
929
893
851
812
773
737
703
671
640
610
583
555
530
506
483
460
439
419
400
381
365
348
332
316
301
289
275
263
251
239
228
218
208
199
190
181
173
164
157
151
143
137
132
125
119
113
109
103
99
95
91
123
166
205
244
280
314
347
376
407
435
462
488
512
535
557
578
599
617
636
654
671
687
702
716
729
743
755
768
779
790
801
810
820
829
838
846
854
863
869
876
882
889
894
899
905
911
915
919
924
929
896
853
813
776
739
706
673
641
612
583
557
531
507
484
462
441
420
400
382
365
348
332
318
302
289
275
264
251
240
230
219
208
200
190
182
173
165
158
151
144
137
131
125
120
115
109
104
100
95
91
123
165
205
243
279
313
346
377
407
435
462
487
511
534
557
577
598
617
635
653
670
686
701
716
729
742
755
767
778
789
799
810
819
828
836
845
853
861
868
875
881
888
893
899
904
909
914
918
923
927
896
855
815
777
740
707
674
642
612
585
557
532
508
484
462
441
421
401
383
365
349
334
318
304
290
277
264
251
241
229
219
209
199
191
182
173
166
158
151
144
138
132
127
120
114
109
105
99
96
91
121
163
203
241
276
311
344
374
405
433
460
486
510
533
