--- Available filters and text transformations: colorize, debug, default, direct, hexlify, log2file, nocontrol, printable, send_on_enter, time
--- More details at http://bit.ly/pio-monitor-filters
75
68
61
56
50
45
42
38
33
31
27
26
22
21
19
16
14
13
13
11
10
9
8
7
6
6
5
4
4
3
3
2
2
2
1
1
1
1
2
1
1
0
0
0
0
0
0
0
0
0
0
0
0
0
0
0
0
0
0
0
0
0
0
0
0
0
0
0
0
0
0
0
0
0
0
0
0
0
0
0
0
0
0
0
0
0
0
0
0
0
0
0
0
0
0
0
0
0
0
0
0
0
0
0
0
0
0
0
0
0
0
0
0
0
0
0
0
0
0
0
0
0
0
0
0
0
0
0
0
0
0
0
0
0
0
0
0
0
0
0
0
0
0
0
0
0
0
0
0
0
0
0
0
0
0
0
0
0
0
0
0
0
0
0
0
0
0
0
0
0
0
0
0
0
0
0
0
0
0
0
0
0
0
0
0
0
0
0
0
0
0
0
0
0
0
0
0
0
0
0
96
181
259
329
392
450
502
549
592
631
666
698
727
754
778
799
820
837
853
868
882
894
905
915
924
932
940
947
954
960
964
969
974
977
981
984
987
991
993
995
997
999
1001
1002
1004
1005
1006
1007
1008
1009
1011
1011
1011
1013
1014
1014
1014
1015
1016
1016
1015
1016
1017
1016
1018
1018
1017
1017
1017
1018
1018
1018
1020
1020
1019
1020
1020
1019
1021
1020
1020
1020
1021
1020
1021
1021
1020
1020
1021
1021
1021
1021
1021
1021
1022
1021
1021
1021
1021
1022
1020
1021
1020
1020
1021
1021
1021
1020
1020
1020
1020
1020
1020
1020
1021
1019
1021
1020
1020
1019
1020
1020
1020
1020
1020
1020
1020
1021
1020
1020
1021
1020
1020
1021
1020
1020
1020
1020
1021
1020
1021
1020
1021
1020
1021
1021
1021
1020
1021
1020
1021
1020
1020
1020
1020
1020
1020
1020
1021
1021
1020
1021
1020
1021
1021
1020
1021
1020
1020
1021
1020
1021
1021
1021
1022
1022
1022
1021
1021
1021
1021
1022
1022
1022
1021
1022
1022
1021
1022
1022
1021
1020
1023
1021
1022
1022
1022
1023
1022
1022
924
838
760
691
627
569
517
470
426
387
352
320
291
265
240
219
199
181
165
150
136
124
113
103
94
86
78
71
64
60
53
48
44
40
36
33
31
28
26
23
21
19
17
16
15
13
12
11
10
9
9
7
6
6
5
4
5
4
4
3
2
3
3
3
2
1
0
1
2
1
2
1
0
0
0
0
0
0
0
0
0
0
0
0
0
0
0
0
0
0
0
0
0
0
0
0
0
0
0
0
0
0
0
0
0
0
0
0
0
0
0
0
0
0
0
0
0
0
0
0
0
0
0
0
0
0
0
0
0
0
0
0
0
0
0
0
0
0
0
0
0
0
0
0
0
0
0
0
0
0
0
0
0
0
0
0
0
0
0
0
0
0
0
0
0
0
0
0
0
0
0
0
0
0
0
0
0
0
0
0
0
0
0
0
0
0
0
0
0
0
0
0
0
0
0
0
0
0
0
0
94
180
257
329
391
450
501
549
592
630
666
698
727
753
778
800
819
838
855
869
882
895
906
916
924
933
942
948
954
960
965
971
975
978
982
986
988
991
994
996
999
1001
1003
1004
1005
1006
1008
1009
1009
1011
1012
1012
1013
1014
1014
1015
1015
1017
1017
1017
1018
1017
1017
1018
1018
1018
1018
1018
1019
1020
1019
1019
1020
1020
1019
1019
1021
1020
1020
1020
1021
1021
1021
1021
1021
1020
1021
1020
1020
1020
1020
1020
1021
1021
1020
1020
1021
1021
1021
1020
1020
1020
1021
1021
1021
1021
1021
1021
1021
1021
1020
1021
1020
1020
1021
1020
1020
1021
1021
1021
1020
1021
1021
1020
1020
1021
1020
1021
1021
1020
1021
1020
1020
1021
1020
1021
1020
1021
1020
1020
1020
1019
1021
1020
1020
1020
1020
1020
1020
1020
1021
1020
1020
1020
1020
1020
1020
1021
1020
1020
1021
1021
1020
1020
1020
1021
1021
1021
1021
1020
1020
1020
1020
1020
1020
1021
1020
1021
1021
1021
1020
1021
1021
1020
1020
1020
1021
1021
1021
1020
1020
1021
1020
1021
1020
1020
1020
1021
1021
1021
925
839
761
691
626
569
517
470
427
387
352
320
291
265
241
219
199
182
164
150
136
125
113
103
93
85
78
71
64
58
54
48
44
41
37
34
30
28
25
23
21
20
17
16
15
14
12
11
11
9
8
7
6
7
5
4
4
4
3
3
3
3
2
2
2
2
2
0
1
0
1
1
0
0
0
0
0
0
0
0
0
0
0
0
0
0
0
0
0
0
0
0
0
0
0
0
0
0
0
0
0
0
0
0
0
0
0
0
0
0
0
0
0
0
0
0
0
0
0
0
0
0
0
0
0
0
0
0
0
0
0
0
0
0
0
0
0
0
0
0
0
0
0
0
0
0
0
0
0
0
0
0
0
0
0
0
0
0
0
0
0
0
0
0
0
0
0
0
0
0
0
0
0
0
0
0
0
0
0
0
0
