--- Available filters and text transformations: colorize, debug, default, direct, hexlify, log2file, nocontrol, printable, send_on_enter, time
--- More details at http://bit.ly/pio-monitor-filters
20
18
16
14
13
11
11
9
9
8
7
5
65
58
53
47
43
38
34
32
29
26
23
21
19
16
16
13
12
11
10
8
8
6
5
6
4
4
2
4
3
3
2
3
1
1
1
1
2
1
0
0
0
0
0
0
0
0
0
0
0
0
0
0
0
0
0
0
0
0
0
0
99
189
269
342
407
465
518
566
609
648
684
716
744
770
793
816
835
853
868
882
896
907
918
927
934
943
951
956
963
968
972
979
981
986
987
992
994
996
999
1001
1003
1004
1005
1006
1009
1010
1010
1012
1012
1013
1014
1014
1016
1016
1016
1017
1016
1017
1018
1018
918
828
747
676
610
551
498
450
408
369
333
303
273
247
224
202
183
165
150
136
123
112
101
91
83
75
68
61
56
51
46
42
38
34
31
28
25
23
21
19
16
16
14
13
11
10
9
8
8
7
7
5
4
4
4
4
3
3
2
2
100
189
270
342
407
466
519
566
609
649
685
717
745
771
794
815
836
853
868
882
895
907
917
927
935
943
950
957
962
968
973
977
981
985
987
991
993
996
998
1000
1003
1003
1005
1007
1007
1009
1010
1011
1011
1012
1013
1014
1015
1015
1016
1016
1017
1017
1017
1019
920
830
750
677
612
552
500
452
409
369
335
303
274
247
224
203
183
166
151
136
123
112
100
91
83
75
68
62
56
51
46
42
37
34
30
28
25
24
21
18
16
15
14
13
11
11
9
9
8
7
6
6
4
4
3
3
2
3
2
2
99
189
269
342
407
465
519
567
610
649
685
716
745
771
794
816
835
853
869
883
895
907
917
927
936
944
950
956
962
967
972
977
981
984
989
990
994
996
997
999
1002
1003
1005
1006
1008
1009
1009
1009
1011
1012
1012
1013
1013
1015
1015
1015
1016
1016
1017
1017
921
831
750
678
613
554
500
453
409
371
335
304
274
248
225
203
184
166
150
136
123
112
