--- Available filters and text transformations: colorize, debug, default, direct, hexlify, log2file, nocontrol, printable, send_on_enter, time
--- More details at http://bit.ly/pio-monitor-filters
66
60
54
49
45
41
37
33
30
27
24
22
20
18
17
14
13
11
11
10
8
7
7
5
5
5
5
4
3
2
3
2
2
1
2
1
1
0
0
1
0
0
0
0
0
0
0
0
0
0
0
0
0
0
0
0
0
0
0
0
0
0
0
0
0
0
0
0
0
0
0
0
0
0
0
0
0
0
0
0
0
0
0
0
0
0
0
0
0
0
0
0
0
0
0
0
0
0
0
0
0
0
0
0
0
0
0
0
0
0
0
0
0
0
0
0
0
0
0
0
0
0
0
0
0
0
0
0
0
0
0
0
0
0
0
0
0
0
0
0
0
0
0
0
0
0
0
0
0
0
0
0
0
0
0
0
0
0
0
0
0
0
0
0
0
0
0
0
0
0
0
0
0
0
0
0
0
0
0
0
0
0
0
0
0
0
0
0
0
0
0
0
0
0
0
0
0
0
0
0
0
0
0
0
0
0
0
0
0
0
0
0
0
0
0
0
0
0
0
0
0
0
0
0
0
0
0
0
0
0
0
0
0
0
0
0
0
0
0
0
0
0
0
0
0
0
0
0
0
0
0
0
0
0
0
0
0
0
0
0
0
0
0
0
0
0
0
0
0
0
0
0
0
0
0
0
0
0
0
0
0
0
0
0
0
0
0
0
0
0
0
0
0
0
0
0
0
0
0
0
95
181
258
328
393
450
502
548
591
631
666
698
727
754
777
799
819
836
854
869
881
894
906
915
925
933
941
947
953
960
966
969
974
977
981
984
988
991
992
995
997
999
1000
1002
1004
1006
1008
1008
1009
1009
1010
1011
1013
1011
1013
1014
1014
1014
1014
1015
1016
1016
1017
1016
1017
1017
1018
1018
1019
1017
1017
1018
1019
1019
1018
1019
1019
1019
1019
1019
1019
1019
1018
1020
1019
1019
1019
1020
1019
1019
1019
1019
1020
1020
1019
1020
1019
1020
1020
1020
1019
1020
1019
1020
1019
1019
1020
1021
1020
1020
1020
1019
1020
1020
1020
1020
1021
1020
1020
1020
1020
1021
1020
1019
1020
1019
1021
1020
1021
1019
1020
1020
1021
1020
1020
1020
1020
1021
1020
1020
1021
1020
1021
1021
1020
1021
1021
1021
1021
1021
1021
1021
1020
1020
1020
1020
1020
1021
1020
1020
1021
1020
1020
1020
1020
1021
1020
1022
1021
1019
1020
1021
1020
1019
1020
1021
1020
1020
1020
1020
1020
1020
1020
1020
1020
1021
1021
1020
1021
1020
1021
1021
1021
1020
1020
1020
1020
1020
1020
1021
1021
1021
1021
1020
1021
1021
1020
1021
1021
1020
1021
1021
1020
1020
1020
1020
1021
1021
1020
1021
1021
1021
1020
1020
1020
1021
1020
1021
1021
1020
1021
1021
1021
1021
1020
1020
1021
1020
1021
1021
1020
1020
1021
1020
1020
1020
1020
1022
1021
1020
1020
1021
1021
1020
1021
1020
1021
1021
1021
1020
1020
1021
1020
1021
1021
1021
1022
1021
1021
1020
1021
1020
1021
1021
1021
1021
1021
1020
1020
1021
1020
1020
1020
1022
1021
1021
1021
1021
1021
1021
1021
1021
1021
1022
1021
1021
1022
1021
1021
1021
924
839
760
691
626
569
518
470
427
388
352
320
291
264
241
219
199
181
164
149
137
123
113
103
94
86
78
70
64
58
54
48
44
40
37
33
31
28
25
23
21
20
17
16
15
13
12
11
10
9
8
7
7
7
6
6
4
3
4
3
3
2
3
2
2
1
1
2
1
0
1
1
1
1
0
0
1
0
0
0
0
0
0
0
0
0
0
0
0
0
0
0
0
0
0
0
0
0
0
0
0
0
0
0
0
0
0
0
0
0
0
0
0
0
0
0
0
0
0
0
0
0
0
0
0
0
0
0
0
0
0
0
0
0
0
0
0
0
0
0
0
0
0
0
0
0
0
0
0
0
0
0
0
0
0
0
0
0
0
0
0
0
0
0
0
0
0
0
0
0
0
0
0
0
0
0
0
0
0
0
0
0
0
0
0
0
0
0
0
0
0
0
0
0
0
0
0
0
0
0
0
0
0
0
0
0
0
0
0
0
0
0
0
0
0
0
0
0
0
0
0
0
0
0
0
0
0
0
0
0
0
0
0
0
0
0
0
0
0
0
0
0
0
0
0
0
0
0
0
0
0
0
0
0
0
0
0
0
0
0
0
0
0
0
0
0
0
0
0
0
0
0
0
0
0
0
0
0
0
0
0
0
0
0
0
0
0
0
0
0
0
0
0
0
0
0
0
0
0
0
93
179
256
327
391
448
500
548
591
630
666
698
726
753
777
799
819
837
854
869
882
893
905
915
925
933
940
948
954
959
965
970
975
978
983
987
989
992
995
997
998
1001
1002
1004
1005
1007
1007
1009
1010
1011
1011
1012
1013
1014
1014
1016
1016
1016
1016
1017
1016
1017
1017
1019
1018
1019
1018
1019
1018
1019
1020
1020
1020
1020
1020
1020
1020
1020
1020
1020
1021
