--- Available filters and text transformations: colorize, debug, default, direct, hexlify, log2file, nocontrol, printable, send_on_enter, time
--- More details at http://bit.ly/pio-monitor-filters

0
0
0
0
0
0
0
0
0
0
0
0
0
0
0
0
0
0
0
0
0
0
0
0
0
0
0
0
0
0
0
0
0
0
0
0
0
0
0
0

0
0
0
0
0
0
0
0
0
0
0
0
0
0
0
0
0
0
0
0
0
0
0
0
0
0
0
0
0
0
0
0
0
0
0
0
0
0
0
0
0
0
67
61
56
50
45
40
36
33
30
27
24
22
20
18
16
15
14
11
10
9
9
7
6
6
5
4
4
4
3
4
2
1
2
0
1
0
0
0
0
0
0
0
0
0
0
0
0
0
0
0
0
0
0
0
0
0
0
0
0
0
0
0
0
0
0
0
0
0
0
0
0
0
0
0
0
0
0
0
0
0
0
0
0
0
0
0
0
0
0
0
0
0
0
0
0
0
0
0
0
0
0
0
0
0
0
0
0
0
0
0
0
0
0
0
0
0
0
0
0
0
0
0
0
0
0
0
0
0
0
0
0
0
0
0
0
0
0
0
0
0
0
0
0
0
0
0
0
0
0
0
0
0
0
0
0
0
0
0
0
0
0
0
0
0
0
0
0
0
0
0
0
0
0
0
0
0
0
0
0
0
0
0
0
0
0
0
0
0
0
0
0
0
0
0
0
0
0
0
0
0
0
0
0
0
0
0
0
0
0
0
0
0
0
0
0
0
0
0
0
0
0
0
0
0
0
0
0
0
0
0
0
0
0
0
0
0
0
0
0
0
0
0
0
0
0
0
0
0
0
0
0
0
0
0
0
0
0
0
0
0
0
0
0
0
0
0
0
0
0
0
0
0
0
0
0
0
0
0
0
0
0
0
0
0
0
0
0
0
0
0
0
0
0
0
0
0
0
0
0
0
0
0
0
0
0
0
0
0
0
0
0
0
0
0
0
0
0
0
0
0
0
0
0
0
0
0
0
0
0
0
0
0
0
0
0
0
0
0
0
0
0
0
0
0
0
0
0
0
0
0
0
0
0
0
0
0
0
0
0
0
0
0
0
0
0
0
0
0
0
0
0
0
0
0
0
0
0
0
0
0
0
0
0
0
0
0
0
0
0
0
0
0
0
0
0
0
0
0
0
0
0
0
0
0
0
0
0
0
0
0
0
0
0
0
0
0
0
0
0
0
0
0
0
0
0
0
0
0
0
0
0
0
0
0
0
0
0
0
0
0
0
0
0
0
0
0
0
0
0
0
0
0
0
0
0
0
0
0
0
0
0
0
0
0
0
0
0
0
0
0
0
0
0
0
0
0
0
0
0
0
0
0
0
0
0
0
0
0
0
0
0
0
0
0
0
0
0
0
0
0
0
0
0
0
0
0
0
0
0
0
0
0
0
0
0
0
0
0
0
0
0
0
0
0
0
0
0
0
0
0
0
0
0
0
0
0
0
0
0
0
0
0
0
0
0
0
0
0
0
0
0
0
0
0
0
0
0
0
0
0
0
0
0
0
0
0
0
0
0
0
0
0
0
0
0
0
0
0
0
0
0
0
0
0
0
0
0
0
0
0
0
0
0
0
0
0
0
0
0
0
0
0
0
0
0
0
0
0
0
0
0
0
0
0
0
0
0
0
0
0
0
0
0
0
0
94
179
257
328
390
449
501
548
591
630
665
697
727
752
776
799
818
837
852
868
881
894
905
915
924
932
941
948
954
960
964
969
973
977
981
984
988
991
992
995
998
999
1000
1002
1004
1005
1006
1008
1008
1009
1011
1011
1012
1012
1013
1013
1015
1015
1015
1016
1017
1017
1016
1018
1018
1018
1017
1018
1018
1019
1018
1018
1019
1019
1019
1019
1019
1020
1019
1020
1020
1021
1021
1020
1020
1020
1021
1021
1020
1021
1021
1021
1021
1020
1020
1021
1021
1021
1021
1021
1022
1021
1022
1021
1021
1021
1021
1022
1022
1021
1021
1021
1022
1021
1021
1021
1022
1022
1022
1021
1021
1022
1022
1022
1022
1021
1020
1021
1023
1021
1021
1021
1021
1021
1021
1021
1022
1021
1020
1021
1020
1021
1021
1021
1020
1021
1020
1020
1021
1021
1021
1020
1020
1020
1020
1020
1020
1020
1019
1020
1019
1020
1020
1020
1021
1020
1021
1019
1019
1020
1021
1019
1020
1020
1020
1020
1020
1020
1020
1021
1020
1020
1021
1020
1021
1021
1020
1021
1021
1021
1021
1020
1021
1021
1021
1022
1022
1021
1021
1020
1021
1021
1021
1021
1022
1023
1022
1022
1022
1022
1022
1022
1023
1023
1023
1022
1021
1022
1021
1021
1021
1022
1022
1022
1022
1022
1022
1022
1022
1023
1021
1022
1022
1021
1022
1021
1021
1021
1021
1021
1021
1021
1021
1021
1021
1022
1021
1021
1020
1021
1020
1021
1020
1021
1020
1020
1020
1021
1020
1020
1020
1021
1020
1020
1020
1019
1021
1020
1020
1020
1020
1021
1021
1021
1020
1020
1020
1020
1020
1021
1020
1020
1020
1021
1021
1021
1021
1020
1020
1021
1021
1020
1021
1021
1020
1020
1020
1021
1020
1021
1020
1020
1020
1020
1020
1021
1020
1020
1020
1021
1021
1021
1021
1021
1021
1021
1021
1021
1021
1021
1021
1021
1021
1021
1020
1022
1022
1022
1022
1023
1022
1023
1022
1021
1021
1022
1021
1022
1022
1022
1022
1022
1022
1022
1023
1022
1022
1022
1022
1022
1023
1023
1022
1023
1022
1022
1021
1021
1022
1022
1022
1022
1021
1023
1022
1023
1022
1022
1022
1022
1022
1023
1022
1021
1022
1023
1022
1021
1021
1021
1022
1021
1020
1020
1021
1021
1020
1020
1021
1020
1021
1021
1022
1021
1020
1020
1020
1021
1021
1020
1020
1021
1020
1021
1020
1021
1020
1020
1021
1021
1021
1020
1021
1022
1020
1020
1020
1021
1021
1020
1020
1021
1021
1020
1021
1020
1020
1020
1021
1020
1020
1020
1021
1020
1022
1020
1020
1021
1022
1022
1021
1022
1021
1021
1021
1020
1021
1021
1021
1021
1020
1020
1020
1020
1021
1021
1020
1021
1021
1020
1020
1020
1020
1021
1020
1021
1021
1021
1021
1021
1021
1020
1020
1020
1021
1022
1021
1021
1021
1021
1021
1020
1020
1021
1020
1021
1021
1022
1021
1021
1021
1021
1021
1022
1020
1021
1021
1021
1020
1021
1021
1021
1021
1020
1020
1021
1020
1021
1021
1020
1020
1020
1020
1020
1021
1021
1020
1021
1020
1020
1020
1021
1021
1021
1021
1021
1020
1021
1021
1020
1021
1020
1020
1020
1020
1020
1021
1021
1020
1021
1021
1021
1020
1020
1021
1021
1020
1021
1020
1020
1020
1020
1020
1020
1020
1020
1021
1021
1022
1020
1020
1020
1020
1021
1020
1020
1020
1021
1020
1020
1020
1021
1020
1021
1020
1020
1020
1020
1020
1021
1021
1020
1020
1020
1021
1021
1021
1021
1021
1020
1020
1020
1020
1020
1020
1020
1020
1020
1020
1021
1021
1021
1021
1020
1021
1020
1021
1021
1022
1020
1021
1020
1021
1021
1021
1020
1021
1021
1022
1020
1020
1020
1021
1021
1020
925
839
762
691
627
569
517
470
427
388
353
321
291
265
242
220
200
182
165
151
137
125
114
103
94
86
77
71
64
59
53
49
45
41
38
34
31
28
25
24
21
19
17
16
15
13
12
11
11
9
8
8
7
6
6
5
4
4
3
3
2
3
2
2
2
2
2
1
1
1
1
1
1
1
0
0
0
0
0
0
0
0
0
1
0
0
0
0
0
0
0
0
0
0
0
0
0
0
0
0
0
0
0
0
0
0
0
0
0
0
0
0
0
0
0
0
0
0
0
0
0
0
0
0
0
0
0
0
0
0
0
0
0
0
0
0
0
0
0
0
0
0
0
0
0
0
0
0
0
0
0
0
0
0
0
0
0
0
0
0
0
0
0
0
0
0
0
0
0
0
0
0
0
0
0
0
0
0
0
0
0
0
0
0
0
0
0
0
0
0
0
0
0
0
0
0
0
0
0
0
0
0
0
0
0
0
0
0
0
0
0
0
0
0
0
0
0
0
0
0
0
0
0
0
0
0
0
0
0
0
0
0
0
0
0
0
0
0
0
0
0
0
0
0
0
0
0
0
0
0
0
0
0
0
0
0
0
0
0
0
0
0
0
0
0
0
0
0
0
0
0
0
0
0
0
0
0
0
0
0
0
0
0
0
0
0
0
0
0
0
0
0
0
0
0
0
0
0
0
0
0
0
0
0
0
0
0
0
0
0
0
0
0
0
0
0
0
0
0
0
0
0
0
0
0
0
0
0
0
0
0
0
0
0
0
0
0
0
0
0
0
0
0
0
0
0
0
0
0
0
0
0
0
0
0
0
0
0
0
0
0
0
0
0
0
0
0
0
0
0
0
0
0
0
0
0
0
0
0
0
0
0
0
0
0
0
0
0
0
0
0
0
0
0
0
0
0
0
0
0
0
0
0
0
0
0
0
0
0
0
0
0
0
0
0
0
0
0
0
0
0
0
0
0
0
0
0
0
0
0
0
0
0
0
0
0
0
0
0
0
0
0
0
0
0
0
0
0
0
0
0
0
0
0
0
0
0
0
0
0
0
0
0
0
0
0
0
0
0
0
0
0
0
0
0
0
0
0
0
0
0
0
0
0
0
0
0
0
0
0
0
0
0
0
0
0
0
0
0
0
0
0
0
0
0
0
0
0
0
0
0
0
0
0
0
0
0
0
0
0
0
0
0
0
0
0
0
0
0
0
0
0
0
0
0
0
0
0
0
0
0
0
0
0
0
0
0
0
0
0
0
0
0
0
0
0
0
0
0
0
0
0
0
0
0
0
0
0
0
0
0
0
0
0
0
0
0
0
0
0
0
0
0
0
0
0
0
0
0
0
0
0
0
0
0
0
0
0
0
0
0
0
0
0
0
0
0
0
0
0
0
0
0
0
0
0
0
0
0
0
0
0
0
0
0
91
177
256
327
390
448
500
547
591
630
665
697
727
753
778
799
820
837
854
868
882
895
906
915
926
932
941
948
954
961
965
969
974
977
981
985
988
990
994
995
996
1000
1001
1003
1005
1006
1007
1007
1009
1009
1010
1011
1011
1012
1013
1014
1014
1015
1015
1015
1015
1015
1016
1016
1017
1016
1017
1017
1017
1017
1017
1018
1017
1019
1019
1019
1019
1019
1018
1018
1019
1020
1020
1019
1019
1019
1021
1021
1021
1020
1021
1020
1020
1021
1021
1021
1021
1021
1021
1020
1022
1021
1022
1022
1021
1021
1023
1021
1021
1020
1022
1022
1021
1020
1021
1021
1021
1022
1022
1021
1022
1021
1021
1021
1021
1020
1020
1021
1020
1021
1020
1020
1021
1021
1020
1020
1020
1020
1020
1020
1020
1020
1020
1021
1020
1021
1021
1020
1020
1021
1021
1020
1020
1020
1021
1021
1020
1020
1020
1020
1020
1020
1021
1020
1020
1019
1020
1021
1019
1021
1019
1020
1020
1020
1020
1020
1020
1020
1020
1020
1021
1021
1021
1022
1022
1022
1022
1022
1021
1021
1020
1022
1021
1021
1021
1021
1021
1021
1022
1022
1022
1022
1022
1022
1021
1021
1023
1022
1022
1023
1022
1022
1022
1021
1021
1022
1022
1022
1022
1022
1022
1022
1022
1023
1023
1023
1023
1022
1022
1022
1021
1021
1022
1021
1022
1021
1022
1020
1021
1020
1020
1020
1021
1020
1021
1021
1021
1020
1021
1021
1020
1020
1020
1020
1021
1020
1020
1020
1020
1021
1020
1020
1020
1020
1020
1021
1020
1021
1021
1021
1021
1021
1020
1020
1020
1020
1020
1021
1020
1020
1020
1020
1020
1020
1021
1021
1021
1021
1020
1021
1020
1020
1021
1020
1020
1020
1021
1020
1021
1021
1020
1021
1020
1021
1021
1021
1021
1021
1021
1021
1021
1022
1021
1021
1021
1021
1021
1021
1021
1021
1022
1022
1022
1022
1022
1023
1022
1023
1023
1021
1023
1022
1022
1021
1021
1022
1022
1023
1023
1022
1023
1022
1023
1022
1022
1023
1022
1022
1022
1022
1022
1022
1022
1022
1022
1023
1022
1021
1023
1022
1022
1022
1022
1022
1022
1022
1023
1022
1021
1022
1022
1022
1022
1022
1022
1021
1021
1022
1022
1022
1022
1022
1022
1022
1023
1022
1021
1023
1023
1021
1022
1021
1020
1021
1021
1021
1021
1021
1021
1022
1020
1021
1022
1021
1022
1021
1021
1021
1021
1021
1021
1021
1020
1020
1020
1020
1021
1021
1021
1021
1020
1021
1021
1021
1021
1021
1021
1021
1020
1020
1020
1020
1021
1021
1021
1020
1022
1020
1020
1021
1020
1020
1021
1021
1020
1021
1020
1021
1020
1020
1020
1021
1020
1020
1020
1021
1020
1021
1020
1020
1020
1021
1021
1020
1021
1020
1020
1020
1020
1021
1020
1020
1021
1020
1020
1021
1021
1021
1021
1021
1020
1021
1021
1020
1020
1020
1021
1020
1021
1021
1021
1020
1020
1020
1020
1020
1020
1021
1020
1021
1020
1021
1021
1021
1021
1020
1021
1021
1020
1020
1020
1020
1020
1021
1020
1020
1021
1020
1021
1020
1021
1021
1021
1021
1020
1020
1021
1022
1021
1021
1021
1021
1021
1021
1022
1022
1022
1022
1022
1022
1022
1022
1023
1022
1023
1022
1023
1022
1021
1022
1023
1022
1022
1022
1022
1022
1023
1022
1022
1023
1023
1021
1022
1022
1022
1022
1022
1022
1022
1022
1022
1022
1023
1022
1022
1022
1022
1021
1021
1022
1022
1021
1021
1021
1021
1021
1022
1021
1022
1020
1021
1021
1020
1021
1021
1021
1021
1021
1021
1021
1020
1020
1021
1020
1020
1020
1021
1020
1020
1021
1020
1021
1022
1021
1020
1021
1021
1020
1021
1020
1021
1020
1020
1020
1020
927
841
763
692
628
571
518
471
428
389
354
321
292
266
241
220
200
182
166
150
137
125
113
103
95
86
78
71
65
59
53
49
45
42
37
33
31
28
26
23
22
20
18
16
14
13
12
11
10
9
9
7
6
6
6
5
4
5
5
4
2
2
2
2
2
2
1
1
1
0
0
0
1
0
0
0
1
0
0
0
0
0
0
0
0
0
0
0
0
0
0
0
0
0
0
0
0
0
0
0
0
0
0
0
0
0
0
0
0
0
0
0
0
0
0
0
0
0
0
0
0
0
0
0
0
0
0
0
0
0
0
0
0
0
0
0
0
0
0
0
0
0
0
0
0
0
0
0
0
0
0
0
0
0
0
0
0
0
0
0
0
0
0
0
0
0
0
0
0
0
0
0
0
0
0
0
0
0
0
0
0
0
0
0
0
0
0
0
0
0
0
0
0
0
0
0
0
0
0
0
0
0
0
0
0
0
0
0
0
0
0
0
0
0
0
0
0
0
0
0
0
0
0
0
0
0
0
0
0
0
0
0
0
0
0
0
0
0
0
0
0
0
0
0
0
0
0
0
0
0
0
0
0
0
0
0
0
0
0
0
0
0
0
0
0
0
0
0
0
0
0
0
0
0
0
0
0
0
0
0
0
0
0
0
0
0
0
0
0
0
0
0
0
0
0
0
0
0
0
0
0
0
0
0
0
0
0
0
0
0
0
0
0
0
0
0
0
0
0
0
0
0
0
0
0
0
0
0
0
0
0
0
0
0
0
0
0
0
0
0
0
0
0
0
0
0
0
0
0
0
0
0
0
0
0
0
0
0
0
0
0
0
0
0
0
0
0
0
0
0
0
0
0
0
0
0
0
0
0
0
0
0
0
0
0
0
0
0
0
0
0
0
0
0
0
0
0
0
0
0
0
0
0
0
0
0
0
0
0
0
0
0
0
0
0
0
0
0
0
0
0
0
0
0
0
0
0
0
0
0
0
0
0
0
0
0
0
0
0
0
0
0
0
0
0
0
0
0
0
0
0
0
0
0
0
0
0
0
0
0
0
0
0
0
0
0
0
0
0
0
0
0
0
0
0
0
0
0
0
