--- Available filters and text transformations: colorize, debug, default, direct, hexlify, log2file, nocontrol, printable, send_on_enter, time
--- More details at http://bit.ly/pio-monitor-filters
74
70
67
64
61
58
56
52
50
47
46
43
40
39
37
35
34
32
31
29
27
26
26
24
22
21
21
19
20
18
18
16
16
15
14
13
13
11
12
10
10
9
9
8
8
9
8
8
7
6
6
6
4
5
5
5
4
4
4
3
3
3
4
2
3
2
1
2
2
1
2
1
1
1
2
1
1
1
0
1
48
93
137
178
217
255
291
325
357
387
417
444
471
497
521
543
565
585
606
626
643
660
677
692
707
721
735
748
760
771
784
793
804
814
824
831
841
849
857
865
872
879
884
889
895
901
906
912
916
921
926
931
934
939
942
945
948
952
955
959
961
965
966
968
970
973
974
977
980
981
981
985
986
987
988
990
991
993
993
996
949
905
862
820
782
745
710
677
646
616
587
559
533
509
485
462
442
421
401
383
366
348
332
316
303
289
275
263
250
239
227
216
207
197
188
180
172
164
156
149
143
135
129
124
118
112
108
103
97
93
88
84
81
77
73
70
67
64
61
59
55
54
51
49
46
45
42
40
39
37
35
33
31
30
29
28
26
25
24
24
68
112
156
196
235
271
306
339
371
402
431
457
483
508
532
554
575
596
616
634
651
669
685
700
715
728
742
755
766
778
789
799
809
820
829
837
848
855
861
869
875
881
887
893
898
904
909
914
919
924
929
932
936
939
944
946
950
953
956
960
961
965
966
967
971
974
974
976
978
980
983
984
985
987
988
991
991
993
994
995
950
905
862
821
783
746
710
678
646
616
587
559
533
510
486
464
441
422
401
383
366
349
334
318
302
289
276
262
251
239
229
218
208
199
189
181
172
165
156
149
143
137
130
124
118
113
108
103
98
94
91
85
82
78
74
71
68
64
61
59
56
53
52
49
46
44
42
41
39
37
35
34
32
31
30
27
26
25
24
24
65
111
153
194
233
269
304
338
370
400
428
456
483
507
531
553
575
595
615
635
651
668
686
699
715
728
742
754
767
778
790
800
811
819
829
839
848
854
862
870
875
882
889
894
899
905
912
915
921
924
929
935
937
942
947
949
951
954
958
960
962
966
968
970
972
975
977
978
979
983
983
987
988
991
990
994
993
993
995
996
954
908
865
826
786
750
714
680
648
619
589
563
537
512
487
465
443
423
403
384
366
350
334
318
303
289
277
264
251
240
229
219
208
198
190
181
173
164
157
149
144
136
130
124
119
114
108
103
98
95
89
85
82
79
75
71
67
65
62
59
56
53
52
49
46
45
42
40
40
38
34
34
32
30
30
28
26
27
24
22
64
110
153
194
231
268
303
337
368
399
428
455
482
506
529
552
575
594
614
633
651
667
684
699
713
727
741
754
766
777
789
800
810
820
829
838
845
853
860
868
874
880
887
893
899
904
909
915
920
923
927
932
937
940
944
947
950
954
956
959
962
964
967
970
971
974
975
978
978
981
982
985
986
988
990
991
991
993
993
994
953
908
866
826
786
750
715
682
650
620
590
563
537
512
488
466
444
424
404
385
368
351
335
319
304
291
277
265
252
241
229
219
208
200
191
182
173
165
158
151
143
137
130
125
118
114
108
103
99
95
90
86
82
77
76
71
69
65
61
60
56
54
52
48
47
45
43
40
40
37
36
34
32
31
30
28
27
25
25
24
61
106
150
191
229
266
301
336
367
397
427
453
479
506
529
551
573
594
613
632
649
668
684
699
713
728
742
755
765
777
790
799
808
818
829
837
846
853
863
868
875
880
888
893
