--- Available filters and text transformations: colorize, debug, default, direct, hexlify, log2file, nocontrol, printable, send_on_enter, time
--- More details at http://bit.ly/pio-monitor-filters
126
114
104
93
85
77
70
63
58
53
48
43
39
35
33
30
26
25
23
20
18
16
14
13
13
11
9
9
7
6
7
6
5
4
4
4
3
3
3
2
1
2
2
1
1
0
0
0
1
1
0
0
0
0
0
0
0
0
0
0
0
0
0
0
0
0
0
0
0
0
0
0
0
0
0
0
0
0
0
0
0
0
0
0
0
0
0
0
0
0
0
0
0
0
0
0
0
0
0
0
95
182
260
330
393
450
503
549
592
631
667
699
728
754
778
800
820
838
855
870
882
894
906
917
925
934
941
947
955
959
966
970
974
978
982
985
989
991
993
995
998
1000
1001
1003
1004
1005
1007
1008
1009
1010
1011
1011
1012
1012
1014
1014
1015
1014
1015
1017
1016
1016
1017
1016
1016
1018
1018
1018
1018
1019
1019
1019
1018
1020
1020
1020
1020
1021
1019
1020
1020
1020
1020
1020
1021
1020
1021
1020
1021
1020
1022
1021
1022
1021
1021
1021
1021
1021
1021
1021
925
838
760
689
626
568
516
468
426
386
351
319
290
263
240
217
198
180
163
149
134
123
112
101
93
84
77
69
63
58
53
48
44
39
37
33
31
26
25
23
21
19
17
15
14
14
12
10
9
8
7
7
7
6
6
5
4
4
3
2
2
2
3
2
1
1
1
0
0
1
0
0
1
0
0
0
0
0
0
0
0
0
0
0
0
0
0
0
0
0
0
0
0
0
0
0
0
0
0
0
94
181
258
328
391
450
502
550
592
631
667
699
728
755
778
801
820
839
855
869
883
895
906
916
925
933
941
948
954
960
966
971
974
979
982
985
988
991
994
996
998
1000
1001
1003
1005
1007
1007
1009
1010
1010
1010
1011
1013
1014
1013
1014
1014
1016
1016
1016
1017
1016
1017
1016
1017
1018
1018
1019
1020
1019
1019
1019
1020
1020
1019
1019
1020
1020
1020
1021
1020
1020
1021
1021
1021
1020
1020
1021
1021
1021
1020
1021
1022
1022
1022
1021
1021
1021
1022
1021
926
840
761
691
627
569
517
469
426
387
351
320
290
264
240
218
199
180
164
149
135
123
113
102
93
85
76
70
63
57
53
48
43
39
35
33
30
28
24
23
21
19
17
15
14
13
11
12
9
8
8
7
6
5
6
5
5
4
3
2
3
2
1
2
1
1
1
1
1
0
1
1
0
0
0
0
0
0
0
0
0
0
0
0
0
0
0
0
0
0
0
0
0
0
0
0
0
0
0
0
91
178
256
327
391
449
501
548
591
631
667
699
728
754
779
801
821
838
854
870
883
895
907
917
925
933
942
948
955
960
966
970
975
978
981
986
988
992
994
996
998
1000
1001
1003
1004
1006
1008
1007
1008
1010
1012
1012
1013
1013
1014
1015
1014
1015
1016
1016
1016
1016
1017
1016
1016
1017
1018
1018
1018
1019
1018
1019
1019
1019
1019
1020
1020
1020
1020
1020
1020
1020
1021
1021
1020
1021
1021
1020
1020
1021
1020
1021
1020
1020
1021
1020
1020
1021
1021
1022
930
843
764
694
630
571
518
471
427
388
353
320
291
264
240
219
198
181
163
149
135
123
112
103
93
85
78
71
64
58
53
48
44
39
37
33
29
27
25
22
21
18
17
16
14
13
11
11
9
9
8
8
7
6
4
5
4
4
4
4
2
2
2
2
1
1
1
1
1
1
1
1
1
1
1
0
0
0
0
0
0
0
0
0
0
0
0
0
0
0
0
0
0
0
0
0
0
0
0
0
88
175
253
325
388
446
498
546
590
629
665
697
726
752
777
799
819
837
854
868
882
895
906
916
926
933
941
949
955
960
965
970
974
979
982
985
989
992
993
996
998
1000
1002
1004
1005
1006
1007
1008
1010
1011
1012
1013
1012
1014
1015
1014
1015
1016
1016
1016
1017
1017
1017
1017
1017
1018
1019
1019
1020
1019
1019
1019
1020
1020
1020
1021
1021
1019
1021
1020
1021
1021
1020
1021
1021
1021
1021
1021
1020
1021
1021
1021
1022
1021
1021
1021
1022
1022
1022
1022
931
845
765
694
630
572
519
472
428
389
353
320
291
265
241
218
198
181
165
150
135
124
113
103
94
84
77
70
64
58
52
49
44
40
37
34
30
28
25
23
20
19
17
15
14
13
12
11
10
9
7
6
7
5
5
5
3
3
3
3
3
2
1
2
1
1
1
1
1
2
0
0
0
0
0
0
0
0
0
0
0
0
0
0
0
0
0
0
0
0
0
0
0
0
0
0
0
0
0
0
86
173
252
323
387
446
499
546
590
629
665
697
726
754
778
801
820
838
855
869
883
895
906
916
925
934
942
949
956
960
966
971
976
980
983
986
990
992
995
997
999
1001
1003
1004
1005
1007
1008
1009
1010
1011
1012
1013
1013
1013
1015
1015
1016
1016
1017
1016
1016
1018
1018
1019
1018
1019
1019
1019
1019
1019
1019
1019
1019
1020
1020
1019
1020
1020
1020
1020
1020
