--- Available filters and text transformations: colorize, debug, default, direct, hexlify, log2file, nocontrol, printable, send_on_enter, time
--- More details at http://bit.ly/pio-monitor-filters
80
71
66
59
53
49
43
38
35
31
29
27
23
21
19
17
16
14
12
11
10
9
9
7
6
5
5
5
4
4
2
2
1
2
2
2
0
1
0
1
0
1
0
0
0
0
0
0
0
0
100
188
270
343
408
466
519
566
611
649
685
716
745
772
795
817
836
853
868
883
896
907
918
927
935
944
951
958
964
968
973
977
981
986
988
991
993
996
998
1000
1002
1004
1005
1006
1007
1008
1008
1010
1012
1012
913
824
743
672
608
549
496
448
405
366
331
300
271
245
222
201
183
164
149
135
122
111
99
90
82
74
68
61
56
50
46
41
37
33
30
28
25
22
20
18
17
15
14
12
12
10
8
8
7
7
105
193
273
346
411
469
522
569
612
652
687
719
746
772
796
817
837
854
870
884
896
908
918
928
937
945
951
958
965
970
974
978
982
985
990
992
995
998
999
1002
1003
1005
1006
1007
1008
1010
1011
1012
1013
1014
917
827
747
674
609
550
498
449
407
368
333
300
272
245
223
202
182
164
150
135
122
111
100
90
82
74
68
61
56
51
45
41
38
34
31
28
24
24
21
19
17
15
14
13
11
10
9
9
8
7
103
193
273
344
409
468
521
568
612
650
686
718
747
773
797
817
837
853
869
883
896
908
918
928
936
944
951
959
963
969
973
978
981
985
988
991
994
997
998
1000
1002
1004
1005
1008
1009
1009
1010
1012
1012
1012
918
829
748
675
610
551
498
451
408
368
333
301
273
247
224
202
183
166
150
135
123
111
101
92
81
75
69
61
56
50
46
41
37
33
31
27
25
23
21
18
18
16
14
13
12
9
8
8
7
6
101
189
271
343
408
467
520
568
611
650
686
716
746
772
795
817
836
853
869
884
895
907
917
928
936
944
951
957
963
969
973
977
