--- Available filters and text transformations: colorize, debug, default, direct, hexlify, log2file, nocontrol, printable, send_on_enter, time
--- More details at http://bit.ly/pio-monitor-filters
34
31
28
26
23
21
19
68
61
56
50
46
41
37
32
29
27
25
21
20
19
16
14
13
11
10
9
8
8
6
6
5
4
4
3
3
2
2
2
1
1
1
1
1
0
0
1
0
0
0
0
0
0
0
0
0
0
0
0
0
0
0
0
0
0
0
0
0
0
0
0
0
0
0
0
0
0
0
0
0
0
0
99
188
269
341
406
465
519
566
611
649
684
715
745
771
794
816
835
852
868
882
895
906
917
927
935
943
949
956
962
968
972
977
980
984
988
991
992
995
997
999
1002
1003
1004
1006
1007
1009
1009
1010
1011
1012
1013
1013
1014
1014
1014
1016
1014
1015
1016
1016
1017
1018
1018
1018
1017
1017
1018
1018
1018
1019
1019
1019
1018
1018
1018
919
830
750
677
611
552
500
452
408
369
334
302
273
248
224
203
183
166
150
136
123
112
101
91
84
75
69
61
56
51
47
41
38
34
31
28
25
23
21
19
17
16
14
12
12
10
10
9
7
7
6
6
5
5
4
4
3
3
2
3
1
1
1
1
2
1
1
0
1
0
0
0
0
0
0
98
188
268
341
406
465
519
567
610
648
684
716
744
770
794
815
835
852
868
882
895
906
916
926
935
943
950
956
962
967
973
977
981
984
988
991
993
996
998
1000
1002
1005
1005
1007
1009
1009
1010
1012
1012
1013
1014
1015
1015
1015
1016
1017
1017
1017
1017
1017
1018
1019
1018
1019
1019
1019
1019
1020
1019
1020
1019
1020
1019
1019
1019
921
832
751
678
612
553
500
453
409
369
334
303
274
248
225
204
184
166
151
137
123
112
101
92
83
75
69
62
56
50
46
42
37
34
31
29
26
23
21
19
17
15
14
13
11
10
10
8
8
7
6
6
6
5
4
3
4
3
2
2
2
1
1
1
1
1
1
0
0
0
1
0
0
0
0
97
187
267
340
406
465
518
